gender,age,mx,qx,lx,dx,ex
Male,0,0.004276,0.004267,100000,426.7,79.37
Male,1,0.000243,0.000243,99573.3,24.2,78.7
Male,2,0.000132,0.000132,99549.1,13.1,77.72
Male,3,0.000101,0.000101,99536,10,76.73
Male,4,0.000097,0.000097,99526,9.7,75.74
Male,5,0.000085,0.000085,99516.3,8.5,74.75
Male,6,0.000088,0.000088,99507.8,8.8,73.76
Male,7,0.000069,0.000069,99499.1,6.8,72.76
Male,8,0.000067,0.000067,99492.2,6.7,71.77
Male,9,0.000059,0.000059,99485.5,5.9,70.77
Male,10,0.000074,0.000074,99479.7,7.4,69.78
Male,11,0.000085,0.000085,99472.3,8.5,68.78
Male,12,0.000105,0.000105,99463.8,10.4,67.79
Male,13,0.000127,0.000127,99453.4,12.6,66.79
Male,14,0.000121,0.000121,99440.8,12.1,65.8
Male,15,0.000174,0.000174,99428.7,17.3,64.81
Male,16,0.000227,0.000227,99411.4,22.6,63.82
Male,17,0.000316,0.000316,99388.8,31.4,62.84
Male,18,0.0004,0.0004,99357.4,39.8,61.86
Male,19,0.000448,0.000448,99317.6,44.5,60.88
Male,20,0.000508,0.000508,99273.1,50.4,59.91
Male,21,0.000513,0.000513,99222.7,50.9,58.94
Male,22,0.000505,0.000504,99171.9,50,57.97
Male,23,0.000505,0.000505,99121.8,50,57
Male,24,0.000552,0.000552,99071.8,54.7,56.02
Male,25,0.000598,0.000598,99017.1,59.2,55.06
Male,26,0.000581,0.000581,98957.9,57.5,54.09
Male,27,0.000621,0.000621,98900.4,61.4,53.12
Male,28,0.000695,0.000695,98839,68.7,52.15
Male,29,0.000732,0.000732,98770.3,72.3,51.19
Male,30,0.000771,0.000771,98698,76.1,50.22
Male,31,0.000835,0.000835,98621.9,82.3,49.26
Male,32,0.000835,0.000835,98539.6,82.3,48.3
Male,33,0.000929,0.000929,98457.3,91.5,47.34
Male,34,0.000957,0.000957,98365.9,94.1,46.39
Male,35,0.001074,0.001073,98271.7,105.5,45.43
Male,36,0.001147,0.001146,98166.3,112.5,44.48
Male,37,0.00131,0.001309,98053.7,128.3,43.53
Male,38,0.001262,0.001261,97925.4,123.5,42.59
Male,39,0.0014,0.001399,97801.9,136.8,41.64
Male,40,0.00153,0.001529,97665.1,149.3,40.7
Male,41,0.001671,0.00167,97515.7,162.8,39.76
Male,42,0.001819,0.001818,97352.9,176.9,38.82
Male,43,0.002004,0.002002,97175.9,194.6,37.89
Male,44,0.002095,0.002093,96981.4,203,36.97
Male,45,0.00235,0.002347,96778.4,227.2,36.05
Male,46,0.002491,0.002488,96551.3,240.2,35.13
Male,47,0.0027,0.002696,96311,259.7,34.22
Male,48,0.002856,0.002852,96051.3,273.9,33.31
Male,49,0.003194,0.003189,95777.4,305.4,32.4
Male,50,0.003385,0.003379,95472,322.6,31.5
Male,51,0.003612,0.003606,95149.4,343.1,30.61
Male,52,0.003914,0.003907,94806.3,370.4,29.72
Male,53,0.004133,0.004125,94436,389.5,28.83
Male,54,0.004488,0.004478,94046.4,421.1,27.95
Male,55,0.004772,0.00476,93625.3,445.7,27.07
Male,56,0.005404,0.005389,93179.6,502.2,26.2
Male,57,0.005874,0.005856,92677.4,542.8,25.34
Male,58,0.006415,0.006394,92134.7,589.1,24.48
Male,59,0.006954,0.00693,91545.5,634.4,23.64
Male,60,0.007624,0.007595,90911.1,690.5,22.8
Male,61,0.008348,0.008313,90220.6,750,21.97
Male,62,0.009266,0.009223,89470.6,825.2,21.15
Male,63,0.01023,0.010178,88645.4,902.3,20.34
Male,64,0.011007,0.010947,87743.1,960.5,19.55
Male,65,0.012097,0.012025,86782.6,1043.5,18.76
Male,66,0.013419,0.01333,85739,1142.9,17.98
Male,67,0.014542,0.014437,84596.1,1221.3,17.22
Male,68,0.015864,0.01574,83374.8,1312.3,16.46
Male,69,0.01744,0.017289,82062.5,1418.8,15.72
Male,70,0.018456,0.018287,80643.8,1474.7,14.98
Male,71,0.020484,0.020276,79169,1605.3,14.25
Male,72,0.022578,0.022326,77563.8,1731.7,13.54
Male,73,0.025829,0.0255,75832,1933.7,12.84
Male,74,0.028525,0.028124,73898.3,2078.3,12.16
Male,75,0.031903,0.031402,71820,2255.3,11.5
Male,76,0.035742,0.035115,69564.7,2442.7,10.85
Male,77,0.039607,0.038838,67121.9,2606.9,10.23
Male,78,0.044489,0.043521,64515.1,2807.7,9.62
Male,79,0.049284,0.048099,61707.3,2968.1,9.04
Male,80,0.055479,0.053982,58739.2,3170.9,8.47
Male,81,0.061932,0.060071,55568.4,3338.1,7.93
Male,82,0.0688,0.066512,52230.3,3473.9,7.4
Male,83,0.07835,0.075396,48756.4,3676,6.89
Male,84,0.088506,0.084755,45080.4,3820.8,6.41
Male,85,0.099367,0.094664,41259.6,3905.8,5.96
Male,86,0.112884,0.106853,37353.8,3991.3,5.53
Male,87,0.12606,0.118585,33362.4,3956.3,5.13
Male,88,0.142887,0.133359,29406.1,3921.6,4.76
Male,89,0.161989,0.149851,25484.6,3818.9,4.41
Male,90,0.173081,0.159295,21665.7,3451.2,4.1
Male,91,0.196122,0.178608,18214.4,3253.2,3.78
Male,92,0.217596,0.196245,14961.2,2936.1,3.5
Male,93,0.240992,0.215076,12025.1,2586.3,3.23
Male,94,0.270454,0.238238,9438.8,2248.7,2.98
Male,95,0.301786,0.262219,7190.1,1885.4,2.75
Male,96,0.337124,0.288494,5304.7,1530.4,2.55
Male,97,0.361657,0.306274,3774.4,1156,2.38
Male,98,0.393458,0.328778,2618.4,860.9,2.21
Male,99,0.451087,0.368071,1757.5,646.9,2.05
Male,100,0.476366,0.38473,1110.6,427.3,1.95
Female,0,0.003542,0.003536,100000,353.6,83.06
Female,1,0.000213,0.000213,99646.4,21.2,82.35
Female,2,0.000127,0.000127,99625.2,12.6,81.37
Female,3,0.000098,0.000098,99612.6,9.8,80.38
Female,4,0.000068,0.000068,99602.7,6.7,79.39
Female,5,0.000086,0.000086,99596,8.6,78.39
Female,6,0.000082,0.000082,99587.4,8.1,77.4
Female,7,0.000062,0.000062,99579.3,6.2,76.41
Female,8,0.000064,0.000064,99573.1,6.4,75.41
Female,9,0.000053,0.000053,99566.7,5.3,74.42
Female,10,0.000064,0.000064,99561.5,6.4,73.42
Female,11,0.000066,0.000066,99555.1,6.5,72.42
Female,12,0.00006,0.00006,99548.5,5.9,71.43
Female,13,0.00008,0.00008,99542.6,8,70.43
Female,14,0.000101,0.000101,99534.6,10.1,69.44
Female,15,0.000112,0.000112,99524.6,11.1,68.45
Female,16,0.000147,0.000147,99513.4,14.6,67.45
Female,17,0.000159,0.000159,99498.8,15.8,66.46
Female,18,0.000227,0.000227,99483,22.6,65.47
Female,19,0.0002,0.0002,99460.4,19.9,64.49
Female,20,0.00019,0.00019,99440.5,18.9,63.5
Female,21,0.000211,0.000211,99421.6,21,62.51
Female,22,0.000229,0.000229,99400.6,22.7,61.53
Female,23,0.000222,0.000222,99377.9,22,60.54
Female,24,0.000222,0.000222,99355.8,22.1,59.55
Female,25,0.000254,0.000254,99333.8,25.2,58.57
Female,26,0.000262,0.000262,99308.6,26,57.58
Female,27,0.000292,0.000292,99282.6,29,56.6
Female,28,0.000314,0.000314,99253.5,31.2,55.61
Female,29,0.00032,0.00032,99222.4,31.8,54.63
Female,30,0.00037,0.00037,99190.6,36.7,53.65
Female,31,0.000394,0.000394,99153.9,39,52.67
Female,32,0.000453,0.000453,99114.9,44.9,51.69
Female,33,0.000486,0.000486,99070,48.2,50.71
Female,34,0.000556,0.000556,99021.8,55,49.73
Female,35,0.000582,0.000582,98966.8,57.6,48.76
Female,36,0.000645,0.000645,98909.2,63.8,47.79
Female,37,0.000784,0.000784,98845.3,77.5,46.82
Female,38,0.000732,0.000732,98767.9,72.3,45.86
Female,39,0.000853,0.000852,98695.6,84.1,44.89
Female,40,0.000903,0.000902,98611.5,89,43.93
Female,41,0.000986,0.000986,98522.5,97.1,42.97
Female,42,0.001073,0.001073,98425.4,105.6,42.01
Female,43,0.001172,0.001171,98319.8,115.2,41.05
Female,44,0.001317,0.001316,98204.7,129.3,40.1
Female,45,0.001426,0.001425,98075.4,139.8,39.15
Female,46,0.001566,0.001564,97935.6,153.2,38.21
Female,47,0.001696,0.001695,97782.4,165.7,37.27
Female,48,0.001842,0.00184,97616.7,179.6,36.33
Female,49,0.001945,0.001943,97437.1,189.3,35.4
Female,50,0.002171,0.002169,97247.8,210.9,34.46
Female,51,0.00236,0.002358,97036.9,228.8,33.54
Female,52,0.00256,0.002557,96808.1,247.5,32.62
Female,53,0.002701,0.002697,96560.5,260.4,31.7
Female,54,0.002918,0.002914,96300.1,280.6,30.78
Female,55,0.003199,0.003194,96019.5,306.7,29.87
Female,56,0.003548,0.003542,95712.8,339,28.97
Female,57,0.003823,0.003816,95373.8,363.9,28.07
Female,58,0.004239,0.00423,95009.9,401.9,27.17
Female,59,0.004627,0.004616,94608,436.7,26.29
Female,60,0.005067,0.005054,94171.2,476,25.41
Female,61,0.005507,0.005492,93695.2,514.6,24.53
Female,62,0.006284,0.006264,93180.6,583.7,23.66
Female,63,0.006737,0.006714,92596.9,621.7,22.81
Female,64,0.007291,0.007264,91975.2,668.1,21.96
Female,65,0.00802,0.007988,91307.1,729.4,21.12
Female,66,0.008609,0.008573,90577.7,776.5,20.28
Female,67,0.009424,0.00938,89801.2,842.3,19.46
Female,68,0.010383,0.01033,88958.9,918.9,18.63
Female,69,0.01136,0.011296,88040,994.5,17.82
Female,70,0.012515,0.012437,87045.5,1082.6,17.02
Female,71,0.013427,0.013337,85962.9,1146.5,16.23
Female,72,0.015358,0.015241,84816.4,1292.7,15.44
Female,73,0.017499,0.017347,83523.7,1448.9,14.67
Female,74,0.019352,0.019167,82074.7,1573.1,13.92
Female,75,0.02167,0.021437,80501.7,1725.7,13.19
Female,76,0.024514,0.024217,78775.9,1907.7,12.46
Female,77,0.027686,0.027308,76868.2,2099.1,11.76
Female,78,0.031448,0.030961,74769.1,2314.9,11.08
Female,79,0.035086,0.034481,72454.2,2498.3,10.42
Female,80,0.039217,0.038463,69955.9,2690.7,9.77
Female,81,0.044607,0.043634,67265.2,2935,9.14
Female,82,0.050187,0.048958,64330.1,3149.5,8.53
Female,83,0.057897,0.056269,61180.6,3442.5,7.95
Female,84,0.066047,0.063935,57738.1,3691.5,7.39
Female,85,0.075186,0.072462,54046.6,3916.3,6.86
Female,86,0.086696,0.083094,50130.3,4165.5,6.36
Female,87,0.098044,0.093462,45964.7,4296,5.89
Female,88,0.112417,0.106434,41668.8,4435,5.45
Female,89,0.126463,0.118942,37233.8,4428.7,5.04
Female,90,0.143042,0.133494,32805.1,4379.3,4.65
Female,91,0.162443,0.15024,28425.8,4270.7,4.29
Female,92,0.182044,0.166856,24155.1,4030.4,3.96
Female,93,0.203286,0.18453,20124.7,3713.6,3.65
Female,94,0.228112,0.204758,16411.1,3360.3,3.36
Female,95,0.258009,0.228528,13050.8,2982.5,3.1
Female,96,0.287531,0.25139,10068.3,2531.1,2.87
Female,97,0.310208,0.268554,7537.2,2024.2,2.67
Female,98,0.345181,0.294374,5513.1,1622.9,2.46
Female,99,0.374514,0.315445,3890.2,1227.1,2.28
Female,100,0.426225,0.351349,2663,935.7,2.1